損失 : 1.018
勾配 :
tensor([[ 0.0112,  0.0260,  0.0296,  ..., -0.0210, -0.0593,  0.0080],
        [-0.0020, -0.0047, -0.0054,  ...,  0.0038,  0.0108, -0.0015],
        [-0.0042, -0.0098, -0.0112,  ...,  0.0079,  0.0224, -0.0030],
        [-0.0049, -0.0114, -0.0130,  ...,  0.0092,  0.0261, -0.0035]])
損失 : 2.061
勾配 :
tensor([[ 1.3514e-02,  1.5307e-02,  1.1231e-02,  ..., -2.2787e-02,
         -1.1158e-03, -1.1784e-02],
        [-4.6851e-02,  5.0273e-06,  5.8553e-02,  ...,  4.7063e-02,
         -1.2680e-02,  5.9455e-03],
        [ 3.6374e-02, -4.7717e-03, -5.9049e-02,  ..., -3.7061e-02,
          2.2813e-02, -4.9907e-03],
        [-3.0364e-03, -1.0540e-02, -1.0735e-02,  ...,  1.2784e-02,
         -9.0172e-03,  1.0829e-02]])
